1745012583441 0.96635 0
1745012649234 0.99432 1
1745012716394 0.98637 2
1745012780879 0.9935 3
1745012846663 0.99445 4
1745012914453 0.99496 5
1745012978892 0.995 6
1745013046629 0.995 7
1745013112353 0.995 8
1745013177075 0.995 9
1745013246146 0.995 10
1745013312280 0.995 11
1745013380139 0.995 12
1745013446673 0.995 13
1745013512759 0.995 14
1745013579120 0.995 15
1745013644468 0.995 16
1745013711252 0.995 17
1745013776849 0.995 18
1745013842897 0.995 19
1745013908951 0.995 20
1745013976236 0.995 21
1745014040378 0.995 22
1745014106529 0.995 23
1745014173916 0.995 24
1745014237597 0.995 25
1745014305145 0.995 26
1745014371106 0.995 27
1745014436329 0.995 28
1745014501201 0.995 29
1745014567112 0.995 30
1745014633467 0.995 31
1745014698337 0.995 32
1745014765554 0.995 33
1745014830058 0.995 34
1745014896962 0.995 35
1745014962976 0.995 36
1745015028762 0.995 37
1745015094447 0.995 38
1745015161766 0.995 39
1745015229412 0.995 40
1745015293336 0.995 41
1745015358531 0.995 42
1745015422466 0.995 43
1745015486862 0.995 44
1745015551681 0.995 45
1745015615463 0.995 46
1745015681799 0.995 47
1745015745210 0.995 48
1745015810596 0.995 49
1745015821338 0.995 49
