1745012583441 0.69675 0
1745012649234 0.78351 1
1745012716394 0.79516 2
1745012780879 0.81801 3
1745012846663 0.85771 4
1745012914453 0.83809 5
1745012978892 0.86882 6
1745013046629 0.88833 7
1745013112353 0.90873 8
1745013177075 0.90288 9
1745013246146 0.89214 10
1745013312280 0.91046 11
1745013380139 0.90774 12
1745013446673 0.92091 13
1745013512759 0.91842 14
1745013579120 0.92628 15
1745013644468 0.94091 16
1745013711252 0.95607 17
1745013776849 0.93926 18
1745013842897 0.94591 19
1745013908951 0.9516 20
1745013976236 0.95979 21
1745014040378 0.95283 22
1745014106529 0.96428 23
1745014173916 0.95767 24
1745014237597 0.96355 25
1745014305145 0.96039 26
1745014371106 0.96984 27
1745014436329 0.96359 28
1745014501201 0.96021 29
1745014567112 0.97016 30
1745014633467 0.97092 31
1745014698337 0.9637 32
1745014765554 0.97458 33
1745014830058 0.96972 34
1745014896962 0.96889 35
1745014962976 0.97776 36
1745015028762 0.97753 37
1745015094447 0.9743 38
1745015161766 0.9757 39
1745015229412 0.96981 40
1745015293336 0.97747 41
1745015358531 0.97812 42
1745015422466 0.97983 43
1745015486862 0.98159 44
1745015551681 0.98316 45
1745015615463 0.98122 46
1745015681799 0.98301 47
1745015745210 0.98431 48
1745015810596 0.98342 49
1745015821338 0.9842791545543754 49
