1745012583441 0.91849 0
1745012649234 1.0 1
1745012716394 0.98433 2
1745012780879 0.99902 3
1745012846663 0.99228 4
1745012914453 0.99809 5
1745012978892 0.99944 6
1745013046629 0.99952 7
1745013112353 0.99968 8
1745013177075 0.99954 9
1745013246146 0.99972 10
1745013312280 0.9992 11
1745013380139 0.9997 12
1745013446673 0.99956 13
1745013512759 0.99965 14
1745013579120 0.99963 15
1745013644468 0.99976 16
1745013711252 0.99976 17
1745013776849 0.99968 18
1745013842897 0.99965 19
1745013908951 0.99975 20
1745013976236 0.99978 21
1745014040378 0.99973 22
1745014106529 0.99967 23
1745014173916 0.99974 24
1745014237597 0.99976 25
1745014305145 0.99977 26
1745014371106 0.99978 27
1745014436329 0.99975 28
1745014501201 0.9998 29
1745014567112 0.99978 30
1745014633467 0.99979 31
1745014698337 0.99978 32
1745014765554 0.99975 33
1745014830058 0.99977 34
1745014896962 0.99977 35
1745014962976 0.99978 36
1745015028762 0.99979 37
1745015094447 0.9998 38
1745015161766 0.99981 39
1745015229412 0.99974 40
1745015293336 0.99981 41
1745015358531 0.99981 42
1745015422466 0.99981 43
1745015486862 0.9998 44
1745015551681 0.99982 45
1745015615463 0.99981 46
1745015681799 0.99981 47
1745015745210 0.99981 48
1745015810596 0.99982 49
1745015821338 0.9998114437961116 49
