1745012583441 0.93774 0
1745012649234 0.96819 1
1745012716394 0.97788 2
1745012780879 0.98444 3
1745012846663 0.99965 4
1745012914453 0.98833 5
1745012978892 1.0 6
1745013046629 1.0 7
1745013112353 1.0 8
1745013177075 1.0 9
1745013246146 1.0 10
1745013312280 1.0 11
1745013380139 1.0 12
1745013446673 1.0 13
1745013512759 1.0 14
1745013579120 1.0 15
1745013644468 1.0 16
1745013711252 1.0 17
1745013776849 1.0 18
1745013842897 1.0 19
1745013908951 1.0 20
1745013976236 1.0 21
1745014040378 1.0 22
1745014106529 1.0 23
1745014173916 1.0 24
1745014237597 1.0 25
1745014305145 1.0 26
1745014371106 1.0 27
1745014436329 1.0 28
1745014501201 1.0 29
1745014567112 1.0 30
1745014633467 1.0 31
1745014698337 1.0 32
1745014765554 1.0 33
1745014830058 1.0 34
1745014896962 1.0 35
1745014962976 1.0 36
1745015028762 1.0 37
1745015094447 1.0 38
1745015161766 1.0 39
1745015229412 1.0 40
1745015293336 1.0 41
1745015358531 1.0 42
1745015422466 1.0 43
1745015486862 1.0 44
1745015551681 1.0 45
1745015615463 1.0 46
1745015681799 1.0 47
1745015745210 1.0 48
1745015810596 1.0 49
1745015821338 1.0 49
