1745012578042 0.000661498708010336 0
1745012643583 0.001301867700258398 1
1745012710836 0.00191583669250646 2
1745012776334 0.0018812 3
1745012842160 0.0018416 4
1745012908700 0.001802 5
1745012974742 0.0017624 6
1745013042508 0.0017228 7
1745013106739 0.0016832000000000001 8
1745013172706 0.0016436000000000003 9
1745013241626 0.0016040000000000002 10
1745013308244 0.0015644 11
1745013374499 0.0015248 12
1745013440500 0.0014852 13
1745013508265 0.0014456 14
1745013573681 0.001406 15
1745013639667 0.0013663999999999998 16
1745013706928 0.0013267999999999997 17
1745013771337 0.0012872 18
1745013838231 0.0012476 19
1745013904628 0.001208 20
1745013969778 0.0011684000000000002 21
1745014036281 0.0011288000000000001 22
1745014102276 0.0010892000000000002 23
1745014168255 0.0010496000000000001 24
1745014233569 0.00101 25
1745014300709 0.0009704 26
1745014365658 0.0009308 27
1745014431091 0.0008911999999999999 28
1745014496877 0.0008516000000000001 29
1745014561917 0.0008120000000000001 30
1745014628258 0.0007724 31
1745014694123 0.0007328 32
1745014761006 0.0006931999999999999 33
1745014824795 0.0006536 34
1745014892300 0.0006140000000000001 35
1745014958367 0.0005744000000000001 36
1745015022789 0.0005348000000000001 37
1745015090067 0.0004952 38
1745015156034 0.00045559999999999996 39
1745015225041 0.0004159999999999999 40
1745015287964 0.00037640000000000015 41
1745015353750 0.0003368000000000001 42
1745015416496 0.0002972 43
1745015482466 0.00025760000000000003 44
1745015546593 0.00021799999999999996 45
1745015610569 0.00017839999999999992 46
1745015677619 0.0001388000000000001 47
1745015739893 9.920000000000008e-05 48
1745015806279 5.9600000000000046e-05 49
