1745012578042 1.29206 0
1745012643583 0.94332 1
1745012710836 0.87568 2
1745012776334 0.82093 3
1745012842160 0.77917 4
1745012908700 0.73155 5
1745012974742 0.69386 6
1745013042508 0.66557 7
1745013106739 0.62576 8
1745013172706 0.61117 9
1745013241626 0.60275 10
1745013308244 0.5938 11
1745013374499 0.58472 12
1745013440500 0.56364 13
1745013508265 0.54295 14
1745013573681 0.5292 15
1745013639667 0.50705 16
1745013706928 0.51477 17
1745013771337 0.50555 18
1745013838231 0.4877 19
1745013904628 0.48918 20
1745013969778 0.47335 21
1745014036281 0.48003 22
1745014102276 0.4551 23
1745014168255 0.4569 24
1745014233569 0.45108 25
1745014300709 0.44193 26
1745014365658 0.43574 27
1745014431091 0.42227 28
1745014496877 0.4245 29
1745014561917 0.40656 30
1745014628258 0.40602 31
1745014694123 0.40685 32
1745014761006 0.40027 33
1745014824795 0.38039 34
1745014892300 0.39441 35
1745014958367 0.38561 36
1745015022789 0.37785 37
1745015090067 0.35805 38
1745015156034 0.3592 39
1745015225041 0.30694 40
1745015287964 0.3075 41
1745015353750 0.30366 42
1745015416496 0.28798 43
1745015482466 0.28161 44
1745015546593 0.27803 45
1745015610569 0.2692 46
1745015677619 0.26026 47
1745015739893 0.25433 48
1745015806279 0.25044 49
