1745012578042 1.59745 0
1745012643583 0.88571 1
1745012710836 0.68177 2
1745012776334 0.5764 3
1745012842160 0.52373 4
1745012908700 0.47387 5
1745012974742 0.45138 6
1745013042508 0.42815 7
1745013106739 0.39914 8
1745013172706 0.38809 9
1745013241626 0.37992 10
1745013308244 0.3721 11
1745013374499 0.36859 12
1745013440500 0.35725 13
1745013508265 0.34493 14
1745013573681 0.32763 15
1745013639667 0.3214 16
1745013706928 0.31708 17
1745013771337 0.31373 18
1745013838231 0.30561 19
1745013904628 0.30494 20
1745013969778 0.29561 21
1745014036281 0.29899 22
1745014102276 0.28102 23
1745014168255 0.28526 24
1745014233569 0.28129 25
1745014300709 0.27934 26
1745014365658 0.2757 27
1745014431091 0.26838 28
1745014496877 0.26607 29
1745014561917 0.25649 30
1745014628258 0.25205 31
1745014694123 0.25393 32
1745014761006 0.24955 33
1745014824795 0.24059 34
1745014892300 0.24595 35
1745014958367 0.24152 36
1745015022789 0.23693 37
1745015090067 0.22623 38
1745015156034 0.22787 39
1745015225041 0.19929 40
1745015287964 0.1953 41
1745015353750 0.19394 42
1745015416496 0.18441 43
1745015482466 0.17942 44
1745015546593 0.17718 45
1745015610569 0.17084 46
1745015677619 0.16505 47
1745015739893 0.16144 48
1745015806279 0.15941 49
