1745012578042 1.21704 0
1745012643583 1.04411 1
1745012710836 1.02879 2
1745012776334 1.00753 3
1745012842160 0.99169 4
1745012908700 0.97602 5
1745012974742 0.96795 6
1745013042508 0.95879 7
1745013106739 0.94575 8
1745013172706 0.94376 9
1745013241626 0.94375 10
1745013308244 0.93873 11
1745013374499 0.93218 12
1745013440500 0.92697 13
1745013508265 0.91661 14
1745013573681 0.91103 15
1745013639667 0.90641 16
1745013706928 0.90099 17
1745013771337 0.90187 18
1745013838231 0.89833 19
1745013904628 0.89698 20
1745013969778 0.89051 21
1745014036281 0.89291 22
1745014102276 0.88342 23
1745014168255 0.88717 24
1745014233569 0.88267 25
1745014300709 0.87692 26
1745014365658 0.87865 27
1745014431091 0.87586 28
1745014496877 0.87536 29
1745014561917 0.86664 30
1745014628258 0.86965 31
1745014694123 0.8682 32
1745014761006 0.86127 33
1745014824795 0.85195 34
1745014892300 0.86524 35
1745014958367 0.8644 36
1745015022789 0.85647 37
1745015090067 0.85212 38
1745015156034 0.85017 39
1745015225041 0.81858 40
1745015287964 0.81207 41
1745015353750 0.81292 42
1745015416496 0.81038 43
1745015482466 0.79939 44
1745015546593 0.80301 45
1745015610569 0.80173 46
1745015677619 0.797 47
1745015739893 0.79826 48
1745015806279 0.79046 49
